enthusiast: 0.8217000000000001
person: 0.7308000000000001
