capture: 0.7704
decorate: 0.7595999999999999
hunt: 0.7569
bait: 0.738
drain: 0.7362
hold: 0.7343999999999999
fur: 0.733
mouth: 0.7299000000000001
